02092500
02102908
02108000
02193340
02196000
02198100
02202600
02212600
02215100
02216180
02221525
02231000
02245500
02246000
02296500
02297155
02297310
02298123
02298608
02299950
02300700
02349900
02350900
02361000
02363000
02369800
02371500
02372250
02374500
02395120
02415000
02427250
02430085
02464000
02465493
02469800
02472000
02472500
02479155
02479300
02479560
02481000
02481510
07291000
07315200
07362100
07375000
08013000
08014500
08023080
08066200
08066300
08070000
08070200
08082700
08086212
08086290
08103900
08150800
08158700
08164300
08164600
08165300
08171300
08175000
08176900
08178880
08189500
08190000
08190500
08194200
08195000
08196000
08198500
08200000
08202700
09447800
09484600
09508300
09510200
09512280
09513780
10259000
11124500
11141280
11143000
11148900
11151300
11176400
11284400
11451100
11468500
11475560
11476600
11481200
11482500
11532500
12010000
12013500
12035000
12073500
14166500
14301000
14303200
14305500
14306340
14306500
14325000
14400000
